bray_curtis	G1CA	G1CB	G1CC	G1IA	G1IB	G1IC	G1P1A	G1P1B	G1P1C	G1P2A	G1P2B	G1P2C	G1SA	G1SC	G1STA	G1STC	G2CA	G2CB	G2CC	G2IA	G2IB	G2IC	G2P1A	G2P1B	G2P1C	G2P2A	G2P2B	G2P2C	G2SA	G2SC	G2STA	G2STB	G2STC
G1CA	0	0.650	0.855	0.839	0.761	0.927	0.736	0.874	0.816	0.592	0.901	0.921	0.881	0.888	0.599	0.941	0.961	0.669	0.758	0.973	0.850	0.565	0.903	0.788	0.704	0.942	0.785	0.786	0.950	0.692	0.941	0.740	0.886
G1CB	0.650	0	0.669	0.868	0.623	0.786	0.826	0.829	0.889	0.795	0.600	0.800	0.901	0.725	0.745	0.792	0.939	0.822	0.789	0.927	0.848	0.721	0.917	0.898	0.784	0.949	0.787	0.749	0.953	0.787	0.920	0.820	0.910
G1CC	0.855	0.669	0	0.945	0.896	0.669	0.918	0.927	0.850	0.920	0.804	0.522	0.932	0.548	0.883	0.777	0.880	0.878	0.869	0.985	0.905	0.894	0.923	0.922	0.896	0.911	0.831	0.842	0.899	0.907	0.912	0.905	0.916
G1IA	0.839	0.868	0.945	0	0.817	0.953	0.811	0.731	0.928	0.909	0.950	0.967	0.927	0.945	0.908	0.962	0.971	0.934	0.963	0.919	0.917	0.947	0.954	0.936	0.941	0.954	0.925	0.898	0.961	0.931	0.973	0.953	0.972
G1IB	0.761	0.623	0.896	0.817	0	0.942	0.839	0.814	0.928	0.856	0.895	0.963	0.923	0.912	0.827	0.953	0.975	0.921	0.914	0.936	0.872	0.801	0.935	0.921	0.827	0.962	0.885	0.758	0.967	0.815	0.964	0.932	0.956
G1IC	0.927	0.786	0.669	0.953	0.942	0	0.963	0.944	0.761	0.962	0.831	0.648	0.958	0.709	0.895	0.838	0.914	0.934	0.931	0.986	0.903	0.964	0.905	0.916	0.954	0.907	0.917	0.902	0.942	0.958	0.929	0.949	0.974
G1P1A	0.736	0.826	0.918	0.811	0.839	0.963	0	0.652	0.927	0.755	0.910	0.962	0.907	0.944	0.749	0.966	0.977	0.879	0.878	0.953	0.911	0.873	0.916	0.905	0.824	0.952	0.849	0.837	0.956	0.901	0.961	0.896	0.950
G1P1B	0.874	0.829	0.927	0.731	0.814	0.944	0.652	0	0.895	0.838	0.919	0.956	0.923	0.936	0.861	0.917	0.975	0.937	0.931	0.933	0.903	0.918	0.918	0.914	0.890	0.947	0.911	0.872	0.953	0.915	0.959	0.937	0.958
G1P1C	0.816	0.889	0.850	0.928	0.928	0.761	0.927	0.895	0	0.881	0.918	0.813	0.934	0.861	0.883	0.918	0.964	0.879	0.934	0.979	0.896	0.892	0.889	0.810	0.937	0.892	0.906	0.932	0.952	0.873	0.953	0.929	0.955
G1P2A	0.592	0.795	0.920	0.909	0.856	0.962	0.755	0.838	0.881	0	0.901	0.951	0.877	0.932	0.538	0.967	0.944	0.581	0.666	0.987	0.912	0.506	0.878	0.812	0.525	0.956	0.761	0.805	0.954	0.764	0.936	0.718	0.920
G1P2B	0.901	0.600	0.804	0.950	0.895	0.831	0.910	0.919	0.918	0.901	0	0.775	0.967	0.740	0.891	0.748	0.937	0.925	0.776	0.989	0.951	0.930	0.934	0.942	0.871	0.961	0.915	0.911	0.964	0.951	0.925	0.872	0.934
G1P2C	0.921	0.800	0.522	0.967	0.963	0.648	0.962	0.956	0.813	0.951	0.775	0	0.965	0.563	0.920	0.815	0.874	0.876	0.882	0.971	0.928	0.943	0.907	0.904	0.925	0.876	0.838	0.911	0.814	0.939	0.918	0.901	0.940
G1SA	0.881	0.901	0.932	0.927	0.923	0.958	0.907	0.923	0.934	0.877	0.967	0.965	0	0.929	0.843	0.959	0.892	0.858	0.905	0.976	0.780	0.896	0.865	0.834	0.900	0.892	0.807	0.853	0.805	0.834	0.923	0.893	0.928
G1SC	0.888	0.725	0.548	0.945	0.912	0.709	0.944	0.936	0.861	0.932	0.740	0.563	0.929	0	0.904	0.681	0.814	0.866	0.846	0.986	0.876	0.906	0.908	0.909	0.908	0.892	0.825	0.860	0.795	0.896	0.844	0.883	0.916
G1STA	0.599	0.745	0.883	0.908	0.827	0.895	0.749	0.861	0.883	0.538	0.891	0.920	0.843	0.904	0	0.948	0.939	0.712	0.678	0.981	0.773	0.620	0.854	0.803	0.580	0.874	0.711	0.725	0.890	0.825	0.930	0.720	0.937
G1STC	0.941	0.792	0.777	0.962	0.953	0.838	0.966	0.917	0.918	0.967	0.748	0.815	0.959	0.681	0.948	0	0.858	0.949	0.892	0.986	0.950	0.958	0.953	0.951	0.955	0.956	0.946	0.933	0.965	0.954	0.826	0.898	0.831
G2CA	0.961	0.939	0.880	0.971	0.975	0.914	0.977	0.975	0.964	0.944	0.937	0.874	0.892	0.814	0.939	0.858	0	0.833	0.815	0.994	0.889	0.951	0.810	0.930	0.938	0.887	0.742	0.907	0.825	0.962	0.582	0.816	0.840
G2CB	0.669	0.822	0.878	0.934	0.921	0.934	0.879	0.937	0.879	0.581	0.925	0.876	0.858	0.866	0.712	0.949	0.833	0	0.450	0.993	0.804	0.603	0.852	0.695	0.661	0.857	0.543	0.750	0.846	0.763	0.873	0.652	0.898
G2CC	0.758	0.789	0.869	0.963	0.914	0.931	0.878	0.931	0.934	0.666	0.776	0.882	0.905	0.846	0.678	0.892	0.815	0.450	0	0.993	0.875	0.646	0.887	0.904	0.565	0.868	0.635	0.727	0.831	0.861	0.811	0.566	0.830
G2IA	0.973	0.927	0.985	0.919	0.936	0.986	0.953	0.933	0.979	0.987	0.989	0.971	0.976	0.986	0.981	0.986	0.994	0.993	0.993	0	0.952	0.993	0.983	0.964	0.990	0.908	0.991	0.941	0.983	0.973	0.993	0.990	0.992
G2IB	0.850	0.848	0.905	0.917	0.872	0.903	0.911	0.903	0.896	0.912	0.951	0.928	0.780	0.876	0.773	0.950	0.889	0.804	0.875	0.952	0	0.853	0.831	0.749	0.897	0.779	0.751	0.761	0.848	0.799	0.878	0.902	0.964
G2IC	0.565	0.721	0.894	0.947	0.801	0.964	0.873	0.918	0.892	0.506	0.930	0.943	0.896	0.906	0.620	0.958	0.951	0.603	0.646	0.993	0.853	0	0.912	0.813	0.415	0.956	0.719	0.716	0.939	0.682	0.927	0.686	0.894
G2P1A	0.903	0.917	0.923	0.954	0.935	0.905	0.916	0.918	0.889	0.878	0.934	0.907	0.865	0.908	0.854	0.953	0.810	0.852	0.887	0.983	0.831	0.912	0	0.793	0.871	0.615	0.809	0.877	0.890	0.900	0.881	0.900	0.964
G2P1B	0.788	0.898	0.922	0.936	0.921	0.916	0.905	0.914	0.810	0.812	0.942	0.904	0.834	0.909	0.803	0.951	0.930	0.695	0.904	0.964	0.749	0.813	0.793	0	0.880	0.778	0.815	0.782	0.828	0.586	0.914	0.917	0.957
G2P1C	0.704	0.784	0.896	0.941	0.827	0.954	0.824	0.890	0.937	0.525	0.871	0.925	0.900	0.908	0.580	0.955	0.938	0.661	0.565	0.990	0.897	0.415	0.871	0.880	0	0.833	0.570	0.532	0.763	0.812	0.932	0.656	0.900
G2P2A	0.942	0.949	0.911	0.954	0.962	0.907	0.952	0.947	0.892	0.956	0.961	0.876	0.892	0.892	0.874	0.956	0.887	0.857	0.868	0.908	0.779	0.956	0.615	0.778	0.833	0	0.758	0.744	0.762	0.839	0.924	0.901	0.980
G2P2B	0.785	0.787	0.831	0.925	0.885	0.917	0.849	0.911	0.906	0.761	0.915	0.838	0.807	0.825	0.711	0.946	0.742	0.543	0.635	0.991	0.751	0.719	0.809	0.815	0.570	0.758	0	0.584	0.709	0.832	0.875	0.669	0.887
G2P2C	0.786	0.749	0.842	0.898	0.758	0.902	0.837	0.872	0.932	0.805	0.911	0.911	0.853	0.860	0.725	0.933	0.907	0.750	0.727	0.941	0.761	0.716	0.877	0.782	0.532	0.744	0.584	0	0.723	0.734	0.905	0.829	0.946
G2SA	0.950	0.953	0.899	0.961	0.967	0.942	0.956	0.953	0.952	0.954	0.964	0.814	0.805	0.795	0.890	0.965	0.825	0.846	0.831	0.983	0.848	0.939	0.890	0.828	0.763	0.762	0.709	0.723	0	0.701	0.872	0.927	0.974
G2SC	0.692	0.787	0.907	0.931	0.815	0.958	0.901	0.915	0.873	0.764	0.951	0.939	0.834	0.896	0.825	0.954	0.962	0.763	0.861	0.973	0.799	0.682	0.900	0.586	0.812	0.839	0.832	0.734	0.701	0	0.928	0.918	0.949
G2STA	0.941	0.920	0.912	0.973	0.964	0.929	0.961	0.959	0.953	0.936	0.925	0.918	0.923	0.844	0.930	0.826	0.582	0.873	0.811	0.993	0.878	0.927	0.881	0.914	0.932	0.924	0.875	0.905	0.872	0.928	0	0.727	0.794
G2STB	0.740	0.820	0.905	0.953	0.932	0.949	0.896	0.937	0.929	0.718	0.872	0.901	0.893	0.883	0.720	0.898	0.816	0.652	0.566	0.990	0.902	0.686	0.900	0.917	0.656	0.901	0.669	0.829	0.927	0.918	0.727	0	0.737
G2STC	0.886	0.910	0.916	0.972	0.956	0.974	0.950	0.958	0.955	0.920	0.934	0.940	0.928	0.916	0.937	0.831	0.840	0.898	0.830	0.992	0.964	0.894	0.964	0.957	0.900	0.980	0.887	0.946	0.974	0.949	0.794	0.737	0
