bray_curtis	G1CA	G1CB	G1CC	G1IA	G1IB	G1IC	G1P1A	G1P1B	G1P1C	G1P2A	G1P2B	G1P2C	G1SA	G1SC	G1STA	G1STC	G2CA	G2CB	G2CC	G2IA	G2IB	G2IC	G2P1A	G2P1B	G2P1C	G2P2A	G2P2B	G2P2C	G2SA	G2SC	G2STA	G2STB	G2STC
G1CA	0	0.649	0.859	0.849	0.768	0.929	0.736	0.879	0.827	0.630	0.899	0.928	0.882	0.888	0.610	0.936	0.949	0.690	0.768	0.975	0.836	0.570	0.908	0.804	0.718	0.948	0.788	0.782	0.951	0.709	0.937	0.750	0.884
G1CB	0.649	0	0.658	0.872	0.636	0.787	0.826	0.833	0.896	0.802	0.611	0.798	0.902	0.719	0.744	0.782	0.924	0.813	0.771	0.932	0.842	0.710	0.918	0.904	0.786	0.951	0.783	0.743	0.954	0.795	0.909	0.810	0.895
G1CC	0.859	0.658	0	0.946	0.898	0.669	0.919	0.930	0.853	0.922	0.807	0.512	0.933	0.537	0.884	0.765	0.877	0.870	0.855	0.986	0.904	0.894	0.927	0.927	0.893	0.923	0.839	0.842	0.900	0.908	0.903	0.895	0.907
G1IA	0.849	0.872	0.946	0	0.825	0.954	0.821	0.740	0.931	0.917	0.950	0.969	0.926	0.948	0.907	0.962	0.971	0.934	0.960	0.918	0.922	0.946	0.953	0.937	0.938	0.953	0.921	0.895	0.959	0.938	0.972	0.953	0.971
G1IB	0.768	0.636	0.898	0.825	0	0.943	0.841	0.818	0.933	0.853	0.894	0.965	0.923	0.915	0.829	0.951	0.973	0.919	0.912	0.938	0.877	0.805	0.935	0.926	0.829	0.962	0.884	0.765	0.966	0.820	0.961	0.934	0.956
G1IC	0.929	0.787	0.669	0.954	0.943	0	0.961	0.948	0.756	0.963	0.833	0.651	0.957	0.709	0.896	0.827	0.915	0.927	0.923	0.987	0.903	0.965	0.915	0.921	0.954	0.925	0.914	0.901	0.944	0.959	0.924	0.940	0.964
G1P1A	0.736	0.826	0.919	0.821	0.841	0.961	0	0.660	0.931	0.771	0.910	0.963	0.908	0.943	0.755	0.964	0.975	0.878	0.878	0.953	0.910	0.871	0.915	0.910	0.823	0.951	0.846	0.833	0.955	0.899	0.958	0.895	0.950
G1P1B	0.879	0.833	0.930	0.740	0.818	0.948	0.660	0	0.901	0.848	0.918	0.958	0.926	0.940	0.864	0.917	0.976	0.939	0.931	0.932	0.909	0.920	0.919	0.919	0.890	0.948	0.910	0.873	0.954	0.917	0.958	0.938	0.956
G1P1C	0.827	0.896	0.853	0.931	0.933	0.756	0.931	0.901	0	0.890	0.917	0.815	0.937	0.866	0.891	0.916	0.966	0.885	0.937	0.980	0.905	0.897	0.896	0.830	0.939	0.911	0.910	0.937	0.955	0.881	0.952	0.933	0.954
G1P2A	0.630	0.802	0.922	0.917	0.853	0.963	0.771	0.848	0.890	0	0.905	0.954	0.879	0.935	0.559	0.965	0.942	0.621	0.692	0.986	0.910	0.547	0.884	0.835	0.549	0.955	0.742	0.788	0.950	0.746	0.933	0.734	0.921
G1P2B	0.899	0.611	0.807	0.950	0.894	0.833	0.910	0.918	0.917	0.905	0	0.785	0.966	0.741	0.891	0.741	0.933	0.923	0.780	0.989	0.950	0.931	0.933	0.941	0.871	0.960	0.909	0.908	0.964	0.950	0.918	0.870	0.926
G1P2C	0.928	0.798	0.512	0.969	0.965	0.651	0.963	0.958	0.815	0.954	0.785	0	0.967	0.563	0.918	0.802	0.874	0.873	0.877	0.974	0.926	0.945	0.916	0.911	0.928	0.893	0.843	0.913	0.826	0.941	0.911	0.893	0.932
G1SA	0.882	0.902	0.933	0.926	0.923	0.957	0.908	0.926	0.937	0.879	0.966	0.967	0	0.932	0.846	0.958	0.895	0.860	0.903	0.980	0.788	0.894	0.867	0.843	0.897	0.901	0.809	0.859	0.810	0.841	0.920	0.894	0.928
G1SC	0.888	0.719	0.537	0.948	0.915	0.709	0.943	0.940	0.866	0.935	0.741	0.563	0.932	0	0.905	0.676	0.814	0.860	0.838	0.989	0.879	0.904	0.914	0.915	0.903	0.902	0.823	0.859	0.802	0.899	0.838	0.874	0.904
G1STA	0.610	0.744	0.884	0.907	0.829	0.896	0.755	0.864	0.891	0.559	0.891	0.918	0.846	0.905	0	0.944	0.926	0.715	0.679	0.979	0.758	0.626	0.857	0.817	0.590	0.876	0.700	0.708	0.889	0.811	0.924	0.733	0.936
G1STC	0.936	0.782	0.765	0.962	0.951	0.827	0.964	0.917	0.916	0.965	0.741	0.802	0.958	0.676	0.944	0	0.853	0.940	0.887	0.985	0.948	0.955	0.953	0.948	0.951	0.957	0.937	0.930	0.965	0.953	0.822	0.889	0.823
G2CA	0.949	0.924	0.877	0.971	0.973	0.915	0.975	0.976	0.966	0.942	0.933	0.874	0.895	0.814	0.926	0.853	0	0.827	0.804	0.993	0.876	0.940	0.810	0.932	0.934	0.890	0.737	0.903	0.831	0.959	0.586	0.796	0.835
G2CB	0.690	0.813	0.870	0.934	0.919	0.927	0.878	0.939	0.885	0.621	0.923	0.873	0.860	0.860	0.715	0.940	0.827	0	0.441	0.994	0.800	0.606	0.856	0.712	0.658	0.868	0.556	0.756	0.841	0.770	0.858	0.655	0.889
G2CC	0.768	0.771	0.855	0.960	0.912	0.923	0.878	0.931	0.937	0.692	0.780	0.877	0.903	0.838	0.679	0.887	0.804	0.441	0	0.991	0.864	0.646	0.889	0.910	0.566	0.876	0.636	0.729	0.830	0.862	0.791	0.557	0.827
G2IA	0.975	0.932	0.986	0.918	0.938	0.987	0.953	0.932	0.980	0.986	0.989	0.974	0.980	0.989	0.979	0.985	0.993	0.994	0.991	0	0.957	0.992	0.980	0.965	0.988	0.908	0.989	0.942	0.982	0.972	0.992	0.991	0.991
G2IB	0.836	0.842	0.904	0.922	0.877	0.903	0.910	0.909	0.905	0.910	0.950	0.926	0.788	0.879	0.758	0.948	0.876	0.800	0.864	0.957	0	0.837	0.834	0.765	0.890	0.790	0.739	0.759	0.854	0.804	0.875	0.899	0.962
G2IC	0.570	0.710	0.894	0.946	0.805	0.965	0.871	0.920	0.897	0.547	0.931	0.945	0.894	0.904	0.626	0.955	0.940	0.606	0.646	0.992	0.837	0	0.912	0.821	0.420	0.957	0.719	0.710	0.934	0.686	0.920	0.697	0.894
G2P1A	0.908	0.918	0.927	0.953	0.935	0.915	0.915	0.919	0.896	0.884	0.933	0.916	0.867	0.914	0.857	0.953	0.810	0.856	0.889	0.980	0.834	0.912	0	0.796	0.873	0.630	0.806	0.878	0.888	0.899	0.880	0.901	0.963
G2P1B	0.804	0.904	0.927	0.937	0.926	0.921	0.910	0.919	0.830	0.835	0.941	0.911	0.843	0.915	0.817	0.948	0.932	0.712	0.910	0.965	0.765	0.821	0.796	0	0.883	0.784	0.827	0.793	0.838	0.601	0.913	0.919	0.956
G2P1C	0.718	0.786	0.893	0.938	0.829	0.954	0.823	0.890	0.939	0.549	0.871	0.928	0.897	0.903	0.590	0.951	0.934	0.658	0.566	0.988	0.890	0.420	0.873	0.883	0	0.836	0.583	0.540	0.775	0.813	0.923	0.668	0.898
G2P2A	0.948	0.951	0.923	0.953	0.962	0.925	0.951	0.948	0.911	0.955	0.960	0.893	0.901	0.902	0.876	0.957	0.890	0.868	0.876	0.908	0.790	0.957	0.630	0.784	0.836	0	0.764	0.749	0.768	0.850	0.923	0.909	0.979
G2P2B	0.788	0.783	0.839	0.921	0.884	0.914	0.846	0.910	0.910	0.742	0.909	0.843	0.809	0.823	0.700	0.937	0.737	0.556	0.636	0.989	0.739	0.719	0.806	0.827	0.583	0.764	0	0.574	0.715	0.809	0.861	0.677	0.882
G2P2C	0.782	0.743	0.842	0.895	0.765	0.901	0.833	0.873	0.937	0.788	0.908	0.913	0.859	0.859	0.708	0.930	0.903	0.756	0.729	0.942	0.759	0.710	0.878	0.793	0.540	0.749	0.574	0	0.745	0.725	0.902	0.835	0.945
G2SA	0.951	0.954	0.900	0.959	0.966	0.944	0.955	0.954	0.955	0.950	0.964	0.826	0.810	0.802	0.889	0.965	0.831	0.841	0.830	0.982	0.854	0.934	0.888	0.838	0.775	0.768	0.715	0.745	0	0.718	0.869	0.926	0.973
G2SC	0.709	0.795	0.908	0.938	0.820	0.959	0.899	0.917	0.881	0.746	0.950	0.941	0.841	0.899	0.811	0.953	0.959	0.770	0.862	0.972	0.804	0.686	0.899	0.601	0.813	0.850	0.809	0.725	0.718	0	0.925	0.920	0.948
G2STA	0.937	0.909	0.903	0.972	0.961	0.924	0.958	0.958	0.952	0.933	0.918	0.911	0.920	0.838	0.924	0.822	0.586	0.858	0.791	0.992	0.875	0.920	0.880	0.913	0.923	0.923	0.861	0.902	0.869	0.925	0	0.722	0.786
G2STB	0.750	0.810	0.895	0.953	0.934	0.940	0.895	0.938	0.933	0.734	0.870	0.893	0.894	0.874	0.733	0.889	0.796	0.655	0.557	0.991	0.899	0.697	0.901	0.919	0.668	0.909	0.677	0.835	0.926	0.920	0.722	0	0.728
G2STC	0.884	0.895	0.907	0.971	0.956	0.964	0.950	0.956	0.954	0.921	0.926	0.932	0.928	0.904	0.936	0.823	0.835	0.889	0.827	0.991	0.962	0.894	0.963	0.956	0.898	0.979	0.882	0.945	0.973	0.948	0.786	0.728	0
